-0.24642089600000003 -0.38563941300000004 0.210308711
-0.131888164 -0.154439434 0.096157388
0.401218463 -0.428094837 0.19193654100000002
-0.631607485 -0.1531984 -0.32668447899999997
-0.47965488 0.061493076 -0.29572158
0.24769525700000003 -0.31343197100000003 -0.647629308
-0.08926610500000001 -0.578682622 0.506255645
-0.264350293 -0.068535653 0.371344246
0.419041531 -0.39864011700000007 -0.298354942
-0.7876741230000001 0.302274303 0.641122608
0.8999474960000001 -0.802292509 -0.626375675
0.647951998 -0.7970755110000001 0.113878888
0.41056324800000005 -0.887507532 -0.10192772
0.36740954400000003 -0.378699991 0.31859554
0.289767685 -0.434975011 -0.42791339
0.396530994 -0.279464352 0.13731358800000001
0.503338739 -0.472882093 -0.076016771
-0.207823469 0.11721582 -0.12081196200000001
-0.479621024 0.35429246000000003 -0.05400561
0.132776884 -0.39420392300000007 -0.039053425
-0.104631968 0.10258262200000001 0.099249393
-0.666593429 0.53250198 -0.18422266299999998
0.376380855 -0.20501712400000002 0.6907824830000001
0.193784338 0.006940480000000001 -0.18950367
0.168515595 -0.092666517 -0.229456924
-0.256233317 -0.660980739 0.658927161
0.189404747 0.36446407200000003 0.247377328
0.20693104600000004 0.727302527 0.734638699
0.48617216 -0.025376659000000003 -0.023187657
-0.020196691 -0.116774105 -0.08650313800000001
0.571925176 -0.487925266 0.605103527
0.179821383 -0.410312502 0.284198373
0.137847878 0.450201218 -0.194754524
-0.003515734 0.034295070000000004 -0.008692528
-0.35955812600000003 0.848554088 0.039201545000000004
-0.320011673 -0.877016404 -0.6110648280000001
0.061754402 0.23387195800000002 -0.204780132
0.305336684 0.020342166000000002 -0.626159843
-0.31296856700000003 -0.9238678180000001 -0.35603816
-0.622075434 0.23299805 -0.28320015
0.015727170000000002 -0.6027288460000001 -0.42974373000000005
0.440432175 0.039117434 0.34057972200000003
0.5878068140000001 -0.435636261 -0.85982073
-0.140332591 0.19034742500000001 0.29738475600000003
0.6375090090000001 -0.602139011 -0.11907208100000001
0.511155243 -0.199574243 0.176600831
0.5100104870000001 -0.737206994 -0.077030864
-0.084394015 -0.018400207000000002 0.250562966
-0.5007318270000001 0.0057433530000000005 0.024797933
-0.972872262 -0.883188776 -0.56295651
0.7304400260000001 0.025844824 -0.6463459540000001
-0.18653069 -0.116625985 -0.054212449
0.514549836 0.20283817299999998 0.6828056920000001
-0.195468674 -0.004743014 -0.518835794
0.38830768900000007 -0.8340409730000001 0.156232744
0.34781379700000004 -0.572358956 0.625796949
-0.6126015730000001 -0.128780818 0.48886688600000006
-0.561273761 -0.30863870200000004 0.115655799
-0.18677667500000003 0.056271846 -0.23049535100000001
-0.203053476 0.272324968 -0.10504987800000001
-0.030691522000000002 0.38688573700000006 -0.209067148
0.334213207 0.5091931820000001 -0.363117238
-0.7972844660000001 0.045316785000000005 -0.062823511
-0.203333846 -0.39085376600000005 -0.13452364200000003
0.20506208900000003 0.155739716 0.9459779020000001
0.15362212900000002 -0.00038722800000000004 0.5999722270000001
0.42646393000000005 0.260472194 -0.536013482
-0.12942937200000001 -0.17379237 -0.30753415
0.054427223000000004 0.106922009 0.29416632000000004
0.198796613 -0.7868806230000001 0.459910484
0.108401622 0.05078505800000001 -0.27460866100000003
-0.43605628700000004 0.181396216 0.046280623
0.598969772 -0.449955233 -0.9771836120000001
-0.229504005 0.271350021 0.00047504200000000006
0.5669509890000001 -0.07825497000000001 -0.49999493
-0.037772716 -0.15218959699999998 0.48521996000000006
0.029533012000000004 -0.162690776 -0.45095398500000006
0.597373779 0.122896222 -0.08800444
0.263790082 -0.016938051 0.09973660200000001
0.357993873 0.942108267 0.08942639200000001
0.137420975 -0.14481322100000002 0.37447433900000004
-0.645592658 0.591187653 -0.19082458300000002
-0.12442609 0.362145465 0.067590859
0.963087349 -0.6458936590000001 -0.39731074
0.250017567 -0.092701431 0.6803606540000001
-0.233462512 0.235805982 0.218854177
0.180178458 -0.132586973 -0.24092564400000002
-0.168200311 -0.808425206 0.138294354
-0.082003464 0.7863304630000001 -0.26697624900000005
-0.049805879000000004 -0.576620051 -0.0345966
0.21301772 -0.5227429880000001 0.5698298070000001
0.106904023 0.145879156 -0.9739339650000001
0.5001372310000001 0.35844563900000004 0.343340573
-0.45789340700000003 -0.339130791 0.40835520200000003
-0.06810875000000001 0.07825814400000002 0.748832827
0.634669866 -0.675928163 0.41356691
-0.911326286 0.521047014 -0.17182872200000002
-0.075366101 -0.5280631410000001 -0.175349746
-0.5384876150000001 -0.549427864 0.539968286
0.12460277600000001 0.37022488200000003 0.155776217
0.213274285 0.018923917000000002 0.128891908
-0.786441553 0.454873875 -0.497702244
-0.13629685 -0.365416801 0.291393302
0.6002150380000001 -0.6990941310000001 0.047660784
-0.22435683500000003 -0.541635165 0.325738627
-0.456606879 0.42459127 -0.828294446
-0.346171781 0.577362767 0.000556508
0.138184322 -0.017140129 0.23582661300000002
-0.149464189 -0.12040727700000001 -0.283965613
-0.11954289100000001 -0.0420555 0.121335672
-0.059117866000000005 0.34904795400000005 -0.203698327
0.042944220000000005 0.0009574900000000001 -0.011532729
-0.5918764110000001 -0.022649664 -0.537399991
0.681227156 0.12022424300000001 0.008712629999999999
-0.5018533070000001 0.020057564 0.24216667800000002
-0.057106608 0.34555179300000005 -0.140793879
-0.30763624700000003 -0.010858254 -0.089432211
-0.42032805900000003 0.046420808 -0.19707366
0.532425804 -0.38791464200000003 0.6778336210000001
0.40792777 -0.059538421 0.29547824
-0.10791494200000001 -0.023463266 0.30011439600000006
-0.443528941 -0.00055016 0.18577369100000002
0.028876523 0.59167592 0.014783434
0.182763152 0.774737428 -0.25464684600000004
0.21892136 -0.251360698 0.306660242
0.43665299900000004 0.230195408 -0.314207485
0.075194705 0.004438839 -0.17671245000000002
0.351225847 -0.46382191 0.28451207
0.053319497 -0.498363494 -0.661378547
0.090556865 -0.10979024700000001 0.702909279
-0.511191744 -0.616891234 -0.21168040800000001
0.080687841 0.100690918 -0.44712402500000004
0.18388886399999999 0.211789382 -0.337848495
0.140082374 0.12210483800000001 -0.399078129
-0.43442485100000006 -0.148801352 0.270035985
0.2572527 -0.28005154200000004 -0.693494666
0.03912484 0.5725028440000001 0.23189032400000004
-0.5809234660000001 0.396771689 -0.072710521
0.642115541 -0.584492629 -0.42345127500000007
-0.172508487 -0.587968688 -0.13865407400000002
-0.10677600500000001 0.047531179 -0.037256412
-0.46116156900000005 0.974860244 -0.41858712000000003
-0.38151850300000006 -0.06444965700000001 -0.354702435
-0.03393535 0.282815038 0.20396229800000001
-0.250433361 0.022136005 0.12608344700000002
-0.14740902400000003 -0.005315392 -0.270296782
-0.628104976 0.025435378 -0.18569010900000002
-0.57593288 -0.124324522 0.008685122
-0.07806347200000001 0.12291315000000001 -0.12448163500000001
0.32410983600000004 0.073665895 0.093426161
-0.957250892 -0.12140655800000001 0.811599735
-0.463480705 -0.17922467100000003 0.077439781
0.6510566990000001 0.587752327 0.013801081000000002
-0.442628054 -0.09698633100000001 -0.279048558
-0.38740257000000006 -0.307379682 -0.694760034
0.602021044 0.242124358 0.023384974000000003
0.720225036 -0.268369635 -0.130648717
-0.890395872 0.8391442360000001 0.6531684670000001
-0.08231292899999999 -0.465266609 -0.01437293
-0.039545924 0.0027518580000000003 -0.046228781
0.147921625 -0.282032647 -0.148784424
-0.491765806 -0.5238840410000001 -0.426546454
0.90412977 -0.8911364720000001 -0.087334197
0.22625224200000002 -0.6599179780000001 -0.390821497
-0.221427762 0.12497307600000002 -0.172372005
0.177900584 0.114884517 0.15067189600000003
0.110930242 0.15738808 -0.371986452
0.152355174 0.7210407540000001 0.13694381700000002
-0.05989338 -0.21217502300000002 -0.0024334
0.5930931110000001 0.31619176400000004 0.44839838600000004
-0.17728059599999998 0.078891886 0.48768615800000004
0.07629925700000001 -0.909058463 -0.07940290000000001
0.261755548 -0.528189043 0.346816632
0.089025939 -0.259513117 0.169202237
0.319036197 0.640415335 -0.263973116
0.277650411 -0.6456519060000001 0.109807704
0.223810378 -0.054656809 -0.383982585
0.7316064710000001 0.438703932 -0.273095721
0.118692788 -0.029738264000000004 -0.42768539099999997
0.5411098679999999 0.47709716500000005 0.489674669
0.612793071 0.337351235 0.47856355300000003
-0.553172655 0.11065992300000001 0.379554855
-0.25945228200000003 0.5403496950000001 0.08220131
-0.29554119100000004 0.110357864 -0.5248177260000001
-0.287509913 -0.528314945 -0.400483682
0.547417664 0.750980567 0.11156081
-0.24686525600000003 0.160807007 -0.037747324000000006
-0.026761052 0.020672262 -0.069778274
0.044067287000000004 0.31551199900000004 -0.094324932
0.5628332530000001 0.17078712100000001 0.030413797000000003
0.203858614 0.32017724999999997 0.06942067
-0.07834437100000001 -0.24140862100000002 -0.169931199
0.01790665 -0.07483234000000001 0.031275538
-0.553391132 -0.40972425400000007 0.121349955
-0.035533458999999996 -0.038484221 -0.441934006
-0.28348898400000005 0.23011658699999998 -0.6248532130000001
0.21913348900000001 0.07195722500000001 -0.22136005
-0.47547049 0.288935039 0.21209408600000001
0.37624014100000003 0.107214017 -0.041585219
-0.10813077400000001 -0.252368443 0.175110109
0.29044745000000005 0.44426372199999997 0.095409382
0.746982385 -0.486829707 0.8927943580000001
-0.126688094 0.9926203610000001 0.8375455980000001
-0.138300702 -0.044159862 -0.443363364
0.449707132 0.325902617 0.07656534400000001
-0.013593184000000001 0.418458044 -0.113482667
-0.002142979 -0.19396472700000003 0.47299106700000004
0.439816419 0.664557308 -0.03761719000000001
-0.148566476 -0.13157817000000002 0.172858685
-0.029681661 0.512049253 -0.461146228
0.687643397 -0.010604334000000002 0.28731153800000003
-0.260051639 -0.043979473000000005 0.20851487200000002
-0.755188233 0.479884466 -0.156916212
0.137681772 -0.307299803 -0.019130756000000002
-0.6592075310000001 -0.146058487 -0.312102065
0.459456073 0.490114268 0.058204283
0.071905383 0.04074358 0.41123507800000003
0.124259984 0.184311006 -0.131635302
-0.059616184 0.11628001900000001 -0.06614404400000001
0.866931019 0.000633213 -0.039181442999999996
0.134636848 -0.5312958600000001 -0.419488536
0.10575662200000001 -0.027339249 -0.00723672
0.0013092750000000002 -0.023173903 -0.148154385
-0.090784335 0.152820694 -0.457875421
-0.29152237799999997 0.5318925720000001 0.081062902
-0.45248385300000005 0.150868155 -0.721486701
0.184552759 0.252413408 -0.025012178
-0.016320179 0.054955694000000006 0.630960518
0.7551041220000001 0.32020951900000005 0.260675859
0.31134718200000006 0.001107726 -0.361216541
-0.7506621090000001 0.748150417 -0.435957364
0.09582729200000001 -0.023620908 -0.036615264
0.461929148 0.289226518 -0.776741809
0.06713062900000001 -0.11485806700000001 0.090291307
0.21516598900000003 0.2870883 -0.19170483900000002
-0.009190317 0.189643855 0.341525045
0.907455593 -0.271670595 0.29282636300000003
0.36879552400000004 -0.015940886 0.14474550900000002
-0.130315447 -0.014103669000000001 0.017672832
0.44621361600000004 -0.172413267 -0.86842227
-0.277966753 -0.173869604 0.061552853000000005
-0.15528160200000002 0.6690252420000001 -0.207987459
0.23915561000000002 -0.25542394700000004 -0.061960183
-0.193490214 0.18191622300000002 0.640345507
-0.20978817500000002 0.028886574 -0.036349706
-0.4312349810000001 -0.25418979 0.432109947
-0.16137515300000002 0.29359076800000006 -0.254214124
-0.051721917 0.039232756 0.012485458000000001
0.070053883 0.25530598 0.342082082
0.064434845 -0.5596851740000001 -0.126344773
-0.034273381 -0.406532797 0.04868598600000001
-0.570428635 -0.32623430000000003 -0.234376624
0.06913712600000001 -0.192837957 -0.49350462900000003
0.11184805700000001 0.547726071 -0.285568483
-0.40071062300000004 -0.231103172 -0.085737146
0.332724072 0.644607131 -0.014397264000000002
0.049258893000000005 -0.106581862 0.042427387
-0.193099283 0.93349985 -0.45212730700000003
0.591787539 -0.063435035 0.9076148220000001
0.133357726 -0.195472377 0.198397747
-0.039798786 0.065415082 0.193678538
-0.52009693 0.47135751500000006 0.603803774
-0.115001426 0.14764390000000002 -0.56401451
0.21927314500000003 -0.610018466 -0.14877225700000002
-0.0074462040000000005 -0.154829836 -0.518746393
0.42222346600000005 0.084392428 -0.12275603700000001
-0.852980231 0.44581051800000004 -0.709890492
-0.171918652 -0.063200159 0.193503439
0.158067845 -0.071953522 0.803199215
-0.634016551 0.205026646 -0.954218135
-0.017553806999999998 0.10479490000000001 0.06655666400000002
-0.43556484600000006 -0.35076191400000006 0.05414738200000001
-0.313711283 0.11945031600000001 0.029963089
-0.45479082200000004 -0.431065701 -0.08452150400000001
0.20059521300000002 0.8327962360000001 -0.29111399
-0.725834552 0.26844686900000003 0.24655261700000003
0.35737018200000004 -0.8908799070000001 -0.37390460600000003
-0.413253742 0.45913761500000005 0.755425754
-0.21107999300000002 0.07504182400000001 0.5260148530000001
0.329058102 -0.213553068 0.507099929
0.499711915 0.437852771 0.007935529
0.220660712 0.19579665400000001 -0.74569956
-0.256648582 -0.8551512470000001 -0.915539242
0.38222736300000004 -0.021005003 0.023511934
0.284258679 0.014507296000000001 -0.035920158
-0.19085420700000003 0.011579810000000001 0.700409225
-0.177572604 0.228461875 0.16187770299999998
-0.50568697 -0.442238181 0.116531823
-0.18253145 -0.789813399 0.286999428
0.0016547120000000002 0.934276422 -0.28779716
-0.019993026 0.070249084 -0.186749167
0.136715289 -0.293238454 0.022069351
-0.00035707500000000005 -0.192394655 -0.236049851
-0.528090649 0.8595065040000001 -0.152473141
-0.46088648900000007 0.252533491 -0.971633344
-0.004583785000000001 0.27553758500000003 -0.014116894000000001
0.21441851200000003 0.658720322 -0.298521577
-0.623090585 0.24963668700000002 0.509222806
-0.62488654 -0.282881692 0.137308827
-0.345736414 0.238766795 -0.271425668
-0.494646211 0.13963219500000001 -0.235010366
-0.42464205400000005 0.39879035300000004 -0.864085528
-0.08434799200000001 0.12260897500000001 0.237503543
-0.6728578470000001 0.47030745 -0.210684301
-0.22219745700000001 0.17350247800000002 0.069555036
0.019401604 0.014057646 0.953445266
0.163503849 -0.064990824 0.19175244900000002
-0.26238347100000003 -0.07412877000000001 0.7803437700000001
0.51511375 0.38965558100000003 -0.041007022000000004
0.7113521190000001 -0.162072904 0.28068634200000003
0.473302119 0.122848612 0.006413596
-0.147478852 0.006142748000000001 -0.068339923
-0.101546311 -0.240570685 0.7430550890000001
0.20432096000000002 -0.048453226 -0.078837399
-0.09498935600000001 -0.52412791 0.867123046
0.504896644 0.41487036600000005 -0.381609491
-0.297771984 -0.533849343 0.5247997400000001
0.338038406 -0.32480071000000005 0.71641412
0.09713392200000001 -0.14715140100000001 0.088703778
0.211934328 0.163673658 -0.220826289
0.07200166100000001 -0.6735439599999999 -0.083615327
-0.545512735 -0.947128477 -0.943099613
-0.86238109 -0.248356507 0.6489147780000001
-0.320629016 0.06050702 -0.061420603000000004
0.249238879 0.491194486 -0.46726622900000003
-0.124162119 0.33723485500000006 0.818038723
-0.80703182 0.001313507 0.7785742649999999
0.139003214 0.0031232160000000003 -0.05218108900000001
-0.127294328 -0.5097830170000001 0.488143214
0.29831050600000003 0.06176075 -0.13999667600000001
0.587986674 0.575676315 -0.760444906
0.37080255 0.11722322600000001 -0.013104388
0.826174214 0.5627475550000001 0.364799987
0.079556839 -0.493532666 0.015748859
0.448986105 0.7000754260000001 0.5395551370000001
0.09548026800000001 -0.33253098700000006 0.731799027
-0.911864808 0.313903839 0.548778252
-0.12343209900000002 -0.9822038220000001 0.336100679
-0.067530553 0.395552344 0.512831115
-0.448252382 0.111485692 -0.5482064030000001
0.390679196 0.7948917990000001 -0.06698039300000001
0.047407393000000006 0.085890556 0.07605591700000001
-0.18015624 0.49727798600000006 0.544254773
-0.018899583 -0.09327539600000001 0.167220074
0.14601616700000003 0.243902327 -0.45812987
-0.872559579 0.5267755550000001 -0.489240889
-0.014170323 0.352331457 0.19301411400000001
-0.056449061 0.614520785 -0.601334402
0.18002928 -0.7632829910000001 0.5777193130000001
0.366320862 0.159776515 -0.003562815
0.268241617 0.17880517399999998 0.299544663
-0.510227377 0.220269252 0.25515733100000004
0.018993216 0.638149628 -0.801789959
0.768174125 0.24236928500000002 0.083386799
0.286500052 0.084446915 0.135434051
-0.471588159 0.499774337 0.12364475700000001
-0.212034838 0.229851558 -0.35532295199999997
0.114762318 -0.27995526400000004 -0.083202178
-0.22082311500000001 0.27670455899999996 0.42634913700000004
0.007570519 -0.705891252 0.109283465
-0.70951067 -0.016876158000000002 0.028898741
0.31609125400000004 -0.372331889 -0.072364555
-0.596388781 0.048005692 0.914596564
-0.050568697 0.33126509000000004 0.387787153
0.177581068 -0.285780083 0.032414475000000005
0.272867193 0.00909351 -0.030270967000000003
0.968466221 0.011498873 -0.248070847
-0.10192243000000001 0.682282511 -0.436065809
-0.706581597 0.8400192020000001 0.238104487
0.472667848 -0.268016792 -0.217867592
-0.030424906 -0.11139205900000002 -0.222002256
0.35161730700000005 0.412283027 0.570156729
-0.665849126 0.094265684 -0.9139056900000001
0.017304119 -0.450221849 -0.082459462
-0.106612015 0.137839943 -0.090507139
0.10976168100000001 0.025712045000000003 0.74195953
-0.166410175 -0.133063602 0.11849970300000001
0.652032704 0.043271142 0.181142825
-0.545760836 0.014122184000000001 0.419304973
0.043591716 0.42173043800000004 0.468837888
0.502816616 0.394188582 -0.682190465
-0.289956009 0.168241044 0.551474036
0.196456846 0.013335032000000002 -0.40134119100000004
0.20841912299999998 0.519081779 0.6641542100000001
-0.074272129 -0.023799181000000003 0.026119904000000003
0.6577363820000001 -0.34305332600000005 -0.044357179
0.16699366200000001 -0.43720263000000004 -0.25054392200000003
0.24564908500000002 0.902485109 0.39101087900000003
0.211840166 0.264344474 -0.40964649100000006
-0.351115286 0.150261921 -0.078863849
-0.023903923 0.20705165800000003 -0.182901221
-0.521051775 -0.903208252 0.492408012
-0.252452554 -0.014204179 -0.19933936700000002
0.085058968 -0.030452943000000003 0.217639593
0.32728172 0.002546077 0.18875143200000002
0.009764811 -0.925339496 0.120592956
-0.958938402 -0.16586636300000002 -0.993509081
0.549430509 -0.539380567 0.871662924
-0.8679504020000001 0.373065612 -0.30078040699999997
0.046769948000000006 -0.780425236 0.21848599300000002
-0.07007874600000001 -0.498207968 0.5180761500000001
0.667794259 -0.644913951 0.136254001
-0.202530295 0.005714787000000001 -0.143770033
0.20970459300000002 0.22063532000000002 -0.276570722
0.8665295080000001 0.924336512 0.126024199
-0.012514553000000001 -0.036739579 -0.059272863
-0.6529351780000001 0.376706719 0.10431298100000001
0.401271363 0.089598317 0.729079967
0.07542164600000001 0.597051618 -0.11357418400000001
-0.385332064 -0.32594599500000004 -0.522036773
0.272069461 0.8252056150000001 0.260056929
0.26905680600000004 0.837349868 -0.416797513
-0.9918358540000001 0.564534517 -0.923981553
0.517362529 0.778685355 0.270224309
-0.184791867 0.292413214 -0.32127757
0.6573909450000001 0.17482233300000002 0.34421712600000004
0.013810603000000001 0.010829159 -0.65327268
-0.29410760100000005 0.48832783500000004 -0.275861862
-0.419810168 0.374883785 -0.148317317
0.144431812 -0.004592249 0.25841068100000003
-0.9137099600000002 -0.20831385200000002 -0.178707838
0.701272024 0.199770502 0.6155994160000001
0.110677909 -0.506563523 -0.23080058400000003
0.350239791 0.138696923 -0.761074416
0.087192954 -0.7422134499999999 -0.527162254
-0.055633872 -0.9591521180000001 -0.5959983790000001
0.075100014 0.058109063 0.463421457
0.03199921 0.054256885000000005 0.06652598200000001
0.41385362800000003 -0.682544366 -0.9638200140000001
-0.409998276 -0.572132544 0.44439279800000003
-0.179601848 -0.067337468 -0.379079284
-0.07389971299999999 -0.043116145 0.0031782320000000005
-0.466121473 -0.620705853 0.23953754800000002
-0.776969808 -0.060615994 0.8333379320000001
0.08295513500000001 -0.037933532 -0.518738987
0.789131518 -0.18060536100000002 -0.7056389190000001
-0.500959826 0.01246324 0.861927737
-0.525980468 -0.6037270690000001 0.32603433800000003
0.093092891 0.340603527 -0.142913582
-0.382833068 0.24190217800000002 0.140355867
0.356378836 0.418807713 -0.579392011
0.670191687 -0.26672761899999997 0.037410351
0.238490657 -0.8926356580000001 -0.16089587900000002
-0.07530473700000001 -0.294978335 0.5504525370000001
0.005495781000000001 0.008719507000000001 0.200479362
-0.0026629860000000004 -0.008809965999999999 -0.15710612300000001
-0.461164214 -0.212747401 -0.658046376
0.165570652 -0.495138181 0.073474926
-0.034190328 -0.026241574 0.294374217
-0.085923354 0.469340967 0.451865452
0.001871602 0.08230922600000001 0.5872402550000001
0.725551008 -0.153586686 -0.632025924
-0.17623317600000002 -0.156316326 -0.9669961300000001
-0.027483666 -0.149494871 0.120444307
0.40189135100000006 0.137411982 0.41284165100000003
0.0015251070000000002 0.658407154 -0.16620122
0.11595680000000001 0.10965746800000001 -0.105675156
-0.114456556 -0.245025394 -0.346341061
-0.009850509 -0.221028896 0.040764211
0.27362048899999997 -0.454182472 0.373216906
-0.117983399 -0.156996091 -0.058093722
-0.099185384 -0.009076582 -0.024747149000000003
-0.2233967 0.06558277500000001 0.150006414
0.157004555 -0.455932404 0.528468355
-0.23074133600000002 0.09713603800000001 -0.775948838
0.476479293 -0.09806073000000001 -0.142513658
0.296507145 -0.42568101 0.073587074
0.213956166 0.562416401 -0.263583772
-0.30331378800000003 0.602574907 -0.24315908200000003
0.458108181 0.09424611100000001 0.14268611200000003
0.7025590810000001 -0.14855907000000002 -0.660717826
0.08243565700000001 0.049755095 0.43029336100000004
-0.10626181700000001 0.715890939 0.166118696
-0.074707496 -0.192290442 0.281027018
-0.308733393 -0.052482619 0.19840145
-0.756697999 0.08786213899999999 -0.63746616
-0.20812447 -0.43010556600000005 -0.358203886
0.037902321 0.20591166300000002 -0.0043277490000000005
-0.13334503 0.093107703 -0.086061423
0.769692884 0.139544381 0.100142874
-0.249933456 -0.7067598700000001 0.592123983
0.14929332200000003 -0.608797534 -0.250123896
0.978765322 0.211500019 -0.15939193200000001
-0.21833628600000002 -0.672400791 -0.178141279
-0.43299813800000003 -0.548494179 0.344438248
0.252092305 -0.100695679 -0.30267898800000004
0.23326043400000002 -0.160491194 0.119588914
0.531972451 -0.184388769 0.08117663700000001
-0.360710817 0.16481259500000003 -0.07333579900000001
-0.445226502 0.58658165 -0.189570324
0.026225175000000003 -0.008694644 0.893994659
0.074390625 0.10282014300000002 0.175134443
-0.27101410600000003 0.889064908 -0.45136660500000003
-0.043835584999999996 0.388179142 -0.47415909900000003
0.8858819150000001 0.477579613 -0.17708539500000003
-0.79735641 -0.147792549 -0.015389139
0.031145404 -0.575341458 0.27866714900000006
0.084609847 0.363606034 0.567617
0.5596703620000001 -0.185092868 0.757769753
0.5275018720000001 0.5186966670000001 0.032526094
0.16987406700000002 -0.225265657 -0.430064833
0.077245638 0.194532873 -0.496639483
0.185288069 -0.19643409900000003 -0.270432206
0.8267127360000001 0.5865181700000001 0.240972196
-0.023800239000000004 -0.021711218 0.084552186
0.17293962200000002 -0.598147706 0.6484598380000001
-0.246811827 -0.009504014 0.201288203
-0.355940295 -0.6609283680000001 0.698695794
-0.123919308 0.414379983 -0.263537749
0.052960835 0.129518773 -0.092386147
0.21263155 0.075531149 0.43754383500000005
-0.095618337 0.407908726 0.135724472
0.685539035 0.501343351 -0.30356136
0.48332032100000005 0.685707257 0.514453558
0.600951935 0.9995846460000001 -0.852034908
0.7189205220000001 -0.705338447 0.38861556700000005
0.30553241400000003 -0.125508424 0.046505977000000004
0.42752933600000004 0.8083717770000001 0.9933710120000001
0.130500597 0.669232081 -0.590932675
-0.553772012 0.024595326 -0.173975933
-0.319816472 0.5330129940000001 -0.293945198
-0.42010006 0.004744072 -0.251992324
0.605591265 0.286518567 0.39596231900000006
0.07204451 0.072999355 -0.169354589
0.041038233 0.177961419 0.021885259
-0.16665563100000003 -0.28700366000000005 0.029351565
-0.060345146 0.044072577 -0.498937459
0.211799433 0.35553084900000004 -0.469992695
0.112292417 0.095707209 0.218512972
-0.06464856100000001 0.38042717600000003 -0.8119017940000001
-0.34221591900000004 0.07254018300000001 -0.224854624
0.015956756 0.08831284700000001 0.011445973
-0.32062213900000003 0.512440184 -0.249048439
0.327434072 0.125980821 0.666200911
-0.218440499 -0.653663611 -0.103102629
0.7160168410000001 -0.413039497 0.129588601
0.258310171 0.614173761 0.415572349
0.667151524 0.326441139 -0.1334138
0.781999011 -0.171789047 -0.168255327
0.049413361 0.178459737 -0.357296651
-0.220040724 0.138029854 0.39637441
-0.27508423200000004 -0.42050421600000004 -0.41423979800000005
-0.11645987900000002 0.141166824 0.752777051
-0.401886061 0.19882570800000002 -0.181193609
0.280637674 0.034002004 0.5612986240000001
-0.24773757700000001 0.401715723 -0.43629116300000004
0.325431807 -0.24016705800000002 -0.484973975
-0.122231798 0.193911298 -0.20260541299999998
0.7285684240000001 0.10388396200000001 -0.373164535
-0.601501566 -0.051752070000000004 0.334577159
0.39564439 -0.15284079600000003 0.207023092
-0.8329628710000001 0.436131405 -0.7698050320000001
-0.347915365 -0.326549584 -0.171488046
0.19688851000000002 -0.062539438 0.23126028500000004
-0.649919349 0.6295491460000001 0.00503079
-0.09736668200000001 -0.5475165869999999 0.258683116
-0.316805933 0.023429939 -0.044846504
0.142765991 -0.09955251 0.175542831
0.56600355 -0.511314472 0.29859405
-0.282315133 0.196498637 -0.40593238200000004
0.036356054 -0.712799992 -0.836703959
-0.139339129 0.697975296 0.029020411
0.48830138500000003 0.950401929 -0.339614826
0.390737386 0.261455076 0.6756874680000001
-0.725657337 -0.071990552 -0.574454325
0.25595294700000004 -0.550758828 0.24039082500000003
-0.07429434700000001 -0.40690521300000004 -0.144164138
-0.440484017 -0.091308045 0.097317485
-0.8599884230000001 -0.17627867000000003 -0.209050749
0.07759848100000001 0.871021247 0.331151884
0.099846634 0.832555541 0.357580724
0.30431730100000004 -0.246779558 -0.41955095800000003
0.42304870600000005 -0.26724392300000005 0.15715003
0.407224729 0.345243915 0.036693556
-0.103838997 -0.179525143 0.291696419
-0.9279654520000001 -0.129226236 0.6490174040000001
-0.204049054 0.23517964600000002 -0.127577343
-0.35303502700000006 0.5104654270000001 -0.375815883
0.23728030500000002 -0.5786805060000001 -0.53754864
0.117013742 0.006214692 0.125247098
-0.448385161 0.075622137 0.021288018000000002
0.37950618700000005 -0.259662824 0.9852323470000001
-0.19035007 -0.0311581 -0.0025725270000000002
-0.6086472980000001 0.16637579000000002 0.758840449
0.39693250500000005 0.091889416 0.761608706
-0.318878555 -0.45573350000000007 0.146632452
-0.139686682 0.265046986 0.094198501
-0.016634405 -0.9172981670000001 -0.38604039500000004
0.15602326 -0.023156975000000003 0.314365127
0.13002132300000002 0.162657449 -0.41599396200000005
-0.148703487 -0.079833506 0.181555445
-9.151700000000001e-05 0.243030006 0.10657921700000002
0.7274374220000001 0.857344481 -0.8245120960000001
0.034684414000000004 0.723207538 0.314655019
0.454557533 0.157649935 0.320311616
-0.315430533 -0.5327331530000001 -0.9394722600000001
0.378138722 -0.071644586 0.07810156
0.35944333300000003 0.8167484920000001 -0.086897243
-0.36497826 -0.223973839 0.097949111
0.471499287 0.28042078400000003 -0.28048638000000004
0.188089124 -0.228413736 -0.319495898
-0.29221431000000003 0.009556385 -0.13737072000000003
-0.08848953300000001 0.46783278800000005 0.33009494200000006
0.058543372 -0.12743081 0.041920076
-0.5759609170000001 -0.551458166 0.019985091
-0.016264105 -0.6566238950000001 0.613440567
0.2899449 -0.134181908 -0.9485922200000001
0.330000251 -0.20278262800000002 -0.026960485000000003
0.561080676 0.322406456 0.31260144100000004
0.35304454900000004 0.254688637 0.070453278
-0.866117946 0.086103743 -0.546145948
0.186760805 0.178074096 0.8093557170000001
-0.22101091 -0.114270877 0.23047842300000002
-0.22179912000000002 0.561248898 -0.205908489
0.273834205 0.41543428000000004 0.026397629000000002
0.486821243 -0.574178187 -0.139218517
-0.200592568 -0.33907048500000003 -0.43238079500000004
-0.423050293 0.080287917 0.076722986
-0.08827105600000001 -0.076620889 0.6014201
0.317849121 -0.11217233400000001 -0.053282467
-0.28315994600000005 -0.275539701 0.808416742
0.26960855300000003 0.538901822 0.141859285
0.44344853300000003 0.289302165 0.158748668
-0.25823822700000004 0.436682623 -0.080977733
0.468463885 -0.852422136 0.230929131
-0.226860063 0.052179502 0.436562011
-0.233798427 -0.26513797400000005 -0.076842011
-0.7280113870000001 -0.29577448 -0.002591042
0.191996318 -0.991238613 0.08602069000000001
-0.6359812570000001 -0.34535976600000007 -0.9794757690000001
-0.08139987500000001 0.052543983 0.200038176
-0.174684264 0.06587108000000001 0.42791497700000003
-0.40659045800000004 -0.081700347 -0.035962478
-0.061692509000000006 0.44199219600000006 -0.262541642
-0.589234056 0.406132873 0.09963450500000001
0.20351476400000001 0.37891582300000004 -0.235321947
0.015956227 -0.141162063 -0.023071806
-0.5137309440000001 -0.6669653160000001 0.47805201
-0.299446798 -0.132729274 0.245314228
-0.177384809 -0.42441141 0.394710176
-0.33532516500000004 0.108293177 -0.15365968800000002
0.474198245 0.32583860800000003 -0.12360349500000001
0.47747434200000005 0.22184884600000002 0.12664789
0.506896264 0.105586284 -0.41308975200000003
0.355242015 -0.011193640000000001 0.116856629
-0.59545298 -0.35596145500000004 -0.016402174
-0.081831539 -0.8574915430000001 -0.075632717
-0.311094849 0.102897377 -0.12334269800000001
0.648985664 -0.992603433 0.58553423
-0.48626526400000003 -0.350912679 -0.038285317000000006
-0.557505694 -0.364843894 0.005803130000000001
0.274276449 -0.188512324 -0.383853509
-0.39971821900000004 -0.070207293 0.6210343620000001
0.004630866 0.016283149 0.49039252200000005
0.964741003 0.125291534 0.160841392
0.10751872100000001 0.036555487 -0.10919618
-0.467700009 0.521922509 -0.7041693569999999
0.27046235900000004 -0.097967626 0.31090440900000005
-0.40543882500000006 0.39264284400000005 0.047036564
-0.7846143870000001 -0.215428373 0.029892732
0.036082561000000006 -0.416977902 0.18140415099999999
0.14052514700000002 -0.300866105 0.368992841
-0.216073224 0.009480738 -0.486704863
-0.38068638600000004 -0.5166880540000001 0.062708718
-0.10348774100000001 0.34441232699999996 0.288228295
-0.12130022900000001 0.466531977 -0.179311956
0.07146102300000001 -0.137501912 -0.13212885900000002
-0.072145549 0.076703942 -0.269109177
0.067429514 0.042503034 -0.31291408000000004
0.18150254500000002 0.483803298 0.5005440320000001
0.43056262200000006 -0.011276693 -0.8409491840000001
0.6284070350000001 0.38884674 0.11693545000000001
0.069438656 0.057144167 -0.170736866
0.5373121770000001 -0.39804287600000005 -0.20681255
0.671405742 0.34810845 0.535333717
0.346132106 0.18660051800000002 -0.7595106920000001
-0.22264075900000002 0.150493623 -0.29222436100000004
-0.293561673 -0.255237739 0.6941548580000001
-0.37273974800000004 -0.268415658 -0.12143671100000002
-0.087035312 0.15720293 -0.383539283
0.703849312 0.784793718 -0.670829661
0.712740215 -0.623265684 0.5968960919999999
-0.17535133300000003 0.590275128 -0.521961655
-0.08028368500000001 -0.215162815 0.47373537000000004
-0.27545347400000003 0.187500347 0.9783675140000001
-0.7160538710000001 0.177943433 0.10277200400000001
0.437930534 -0.543682924 -0.21777554600000001
-0.23996974100000001 0.643552834 0.705497676
0.353422255 -0.174552543 0.314898359
-0.023262246 -0.531663515 0.230508047
-0.10827043 0.084726756 -0.132447317
0.03695594000000001 0.645129783 0.31848445
-0.29355797000000006 -0.237916692 0.688513073
-0.105089553 -0.284513128 -0.500579475
0.033922125000000004 0.049308090000000006 -0.082379583
0.046735034 0.071393311 -0.162016301
0.121454168 -0.21909540100000002 -0.231823141
-0.11399156500000002 0.5156300540000001 -0.027126591000000002
-0.004656258000000001 0.241012929 -0.07367383000000001
-0.01785904 -0.38448249 -0.282178122
-0.23940476900000002 -0.015153205000000001 0.374403453
0.020990191000000002 -0.08386554400000001 0.905357579
-0.21502210100000002 0.027182665 0.154263277
-0.058238668 0.7461306950000001 0.46083464700000004
0.45484425100000003 0.17630194600000001 -0.10326027100000001
-0.22099821400000003 -0.439000172 -0.6972145940000001
-0.403683074 -0.7286096860000001 0.405109787
0.18527960499999999 0.6161977150000001 -0.593312117
0.275245048 0.202705394 -0.36029132
-0.462762852 0.121519764 -0.15097765800000001
-0.108210124 0.03431358500000001 0.6036948
-0.112999161 -0.274121452 0.494229888
0.55111749 0.07137373799999999 -0.10250962000000001
0.16704074300000002 -0.576738547 0.301709331
-0.053917267000000005 -0.113353062 -0.151573841
-0.347590559 -0.057903811000000006 -0.5117371430000001
-0.573992508 -0.6058547070000001 -0.338359509
0.027584705 0.11026105700000001 0.8990862840000001
-0.146533529 0.839256913 -0.48457246400000004
0.791756416 -0.34514605 -0.218681194
0.677759032 -0.245211073 -0.27126696800000005
-0.506958157 0.373974434 0.140351106
0.25194841700000004 -0.14718314100000002 0.06479668100000001
0.469962013 -0.424893858 -0.527597092
0.5089567190000001 -0.122999906 0.146061661
-0.055177874 0.21920014300000001 -0.49906124500000004
0.6407591850000001 0.71677913 0.41041777300000004
-0.39040252900000005 0.15087291600000002 -0.32621790100000003
-0.248589267 -0.9871060650000001 -0.7560975839999999
0.22923474400000002 0.7320169750000001 0.10193830000000001
-0.8163660250000001 -0.138673118 0.386185341
-0.29655528400000003 -0.18623603700000002 -0.062879585
-0.094215429 -0.45195273700000005 -0.7307886370000001
-0.036714187 0.08731726900000002 0.251523101
-0.285244206 0.518755386 0.004190208999999999
0.009353778 -0.08307945 0.03657453100000001
-0.285936667 -0.41322253100000006 0.191316024
0.300195333 0.30566678 0.24448475600000003
0.484115408 -0.133527535 -0.575211324
-0.22727427000000003 -0.111351855 0.033904139
-0.17741337499999998 0.256187294 0.666985947
0.359764436 0.203645956 0.299393369
-0.104588061 -0.29743183700000003 0.691861643
-0.156239092 -0.027614858 -0.11291769500000001
-0.250135534 0.396749471 0.06962750899999999
-0.52174741 0.30494786900000004 0.6320862300000001
-0.36559771900000004 0.5379004250000001 -0.363659992
0.34895855300000006 -0.287734209 -0.085395412
0.296389707 0.532318946 0.455938223
0.255018204 -0.38446662000000004 0.117881831
-0.296579618 -0.429576037 -0.104777972
0.564260495 -0.602078705 0.725001906
0.8578697780000001 0.827079862 0.214240239
0.349999096 0.551501544 0.229209352
0.8377450310000001 -0.561304443 0.168485442
0.719506654 -0.492152505 0.139835331
0.05488057600000001 -0.15933374200000003 0.177183789
0.27164308700000006 -0.026888541000000002 -0.189727437
-0.5559964570000001 -0.244214437 -0.43264265
-0.259332728 -0.040755747 0.019823746
-0.318088758 0.371131059 -0.680186613
-0.266257867 -0.328606336 -0.015227265000000002
-0.246074401 -0.846888796 -0.532001546
-0.273727347 0.104055887 0.723850273
-0.271886427 0.171600194 -0.052918515
-0.09067483200000001 0.29503388 -0.091420193
0.260637771 0.371669581 0.14430326500000001
0.38139577500000005 -0.891008983 -0.452548391
-0.10421300000000001 -0.011928421 -0.22693094900000002
-0.349976878 0.040565836 0.10357925800000001
0.344904826 0.154602895 0.06477076
0.08521026200000001 0.12588136900000002 -0.10784035300000001
0.297688931 0.189098456 -0.25324023500000004
0.295965978 -0.062359049 0.49091570300000004
0.045334242000000004 -0.010169496000000002 0.104220935
0.060981004000000005 -0.73556392 -0.10762875300000001
0.321772185 0.843880902 -0.28325834000000005
-0.029852528000000003 0.113363642 -0.061286766
0.10505992900000001 0.016616948000000003 -0.164676642
-0.332947839 -0.844653242 -0.027783079999999998
-0.27757423500000006 0.004020929 -0.052952371
0.369101286 -0.45681953700000005 0.007899028
-0.16392281700000003 0.13278852200000002 0.355111352
0.040272241 -0.190271249 0.404915115
0.126119419 0.098567512 0.024862471
-0.206001593 -0.371015208 0.629132294
0.253432791 0.07134411400000001 0.039473980000000006
0.449931428 0.738502515 0.011497286
0.341988449 0.254215711 -0.037921365
0.031045952 -0.780815638 0.306919981
-0.46858343900000005 0.22918078600000003 -0.165212519
-0.356689888 0.6777955330000001 -0.161200054
-0.060690583 -0.005425953000000001 -0.5270924260000001
0.028751679 0.043425081 -0.29977319100000005
-0.9675732690000001 0.126154333 -0.7972574870000001
-0.14810465900000003 0.371763214 0.197553992
0.082737716 -0.066473611 -0.012870570000000001
0.128788224 -0.07460169600000001 -0.059652156000000005
0.487783494 0.8116610989999999 0.6365668600000001
-0.261430213 0.37602430900000006 -0.21026427500000003
0.691261228 0.021462587999999998 -0.7036430020000001
0.271546809 -0.05683417300000001 0.7662337530000001
0.175398943 -0.439049898 0.091816943
0.195821517 0.26377527 0.22920406200000001
0.06443749 0.306884009 0.13381848500000001
-0.192605726 0.024099124 0.6041507979999999
0.480150024 0.16021611400000002 0.679401048
-0.08848054 -0.746565533 0.26621025700000006
-0.44201653 -0.615092105 0.668981864
0.34592103500000004 -0.19531473500000002 -0.64831066
0.090518248 0.160209237 0.479444338
0.098942044 -0.325265701 -0.8049951700000001
-0.215189794 0.028679206000000002 0.056528411
-0.5901645670000001 -0.311593167 -0.6783620920000001
-0.42334441700000003 0.184854289 -0.801418072
0.501452325 0.4803589790000001 -0.36509252400000003
-0.327502842 0.664474255 -0.051605008
0.5002557270000001 -0.8417686050000001 0.818008041
-0.173992332 0.328649185 -0.5502282410000001
-0.003080367 0.076410876 0.034896014
-0.240107281 0.266217134 -0.15435426500000002
-0.560672288 0.128182519 -0.145979137
-0.23165491900000001 -0.41385733100000005 0.514827561
0.368382904 -0.770676824 0.440160798
0.16216759500000003 0.274849885 -0.047529063
0.34751755700000003 0.518339063 -0.8198510770000002
-0.632899832 0.410745224 0.47537950200000006
-0.383517594 0.216123479 0.42594074900000006
0.45342970500000007 0.400916404 0.023346357
-0.8700891490000001 -0.8561203749999999 0.46598234600000005
0.30630898600000006 0.019778252 -0.37132308599999997
0.87773796 0.675064306 0.639899031
-0.22244502900000002 0.401623677 0.689959359
0.112972182 -0.284135422 -0.18284250200000002
0.23259706800000002 0.469559444 0.9631672280000001
-0.024661451 -0.9076846500000001 0.316200757
0.211903646 -0.036978687 -0.365199911
-0.053595635 0.09086633000000001 0.043762583
0.49280053 -0.255351474 -0.7511159909999999
-0.475524977 0.141673606 0.30702578100000005
0.269272109 0.077178455 -0.042053384
0.001604457 -0.152868304 0.15659987
0.348332746 -0.403904725 -0.490920464
0.27135319500000005 -0.4989755470000001 0.075622666
0.7416865659999999 -0.688404628 -0.719022619
-0.19554749500000002 -0.37685589700000005 0.43315260600000005
-0.46926003000000005 0.40903390900000003 0.323862264
-0.43647895800000003 -0.058501581000000004 0.019219099000000003
-0.652818798 -0.130235039 -0.090397636
-0.5516316780000001 -0.775811298 -0.129654726
-0.408808555 0.18548274100000003 0.500617034
0.352214548 -0.566494991 -0.056651139
-0.496608801 -0.328763449 0.302024615
0.057864665 0.017753769000000003 -0.104974231
0.709001772 0.472225075 -0.198088282
-0.354518872 -0.9008467960000001 0.193529889
-0.237337966 0.180745546 0.357530998
-0.36343675400000003 0.257464829 0.401231159
0.332740471 0.279326283 -0.5348279930000001
-0.07058605700000001 0.07862579900000001 -0.149007133
0.052031382 0.056845282000000004 0.11835211200000001
0.10880366200000001 0.35626986200000005 -0.36352351
0.6059462240000001 0.005484672 -0.23676241400000003
0.017201492999999998 0.398644349 -0.025739024
-0.157179125 0.666308827 -0.63142498
0.38879384 -0.43746924600000003 -0.319137765
0.24934679500000004 -0.059379721 0.245140187
0.08867944400000001 0.816809327 -0.261078957
0.392194781 0.050026472 0.06512042900000001
-0.045190883 -0.05589414 0.024999482000000003
0.21095673600000003 -0.356016471 -0.157023599
-0.067374498 -0.11635407900000001 -0.140415115
-0.411979381 0.30137659000000006 0.48113184800000003
-0.15091047500000002 0.022781385 -0.487893526
-0.470603161 -0.162398768 -0.7392409990000001
-0.007331940000000001 -0.8854544830000001 -0.358009214
-0.118097134 -0.270233302 -0.121111376
0.579494637 0.9252098910000001 0.171688008
0.219854516 0.232441013 -0.05505884900000001
0.751878809 0.525712794 0.343626233
0.354449573 -0.885458186 -0.19962343999999999
0.256785064 0.247545021 0.125509482
0.41058387900000004 0.056450648000000006 -0.410131584
-0.197804209 0.210879502 0.6795026160000001
-0.5498098020000001 -0.08366029200000001 0.14060291000000003
0.161097957 -0.22608243300000003 0.16286693300000002
0.15248107600000002 0.16609700700000002 -0.691291381
-0.504696682 -0.226465958 0.6932153540000001
0.831787433 0.256733751 0.27179808400000005
-0.02989379 0.207136827 -0.027082155
0.103150239 0.262846346 0.47530173900000006
-0.34881572299999997 0.20525094200000002 -0.140579105
-0.053167145 0.22800746400000002 -0.147571427
-0.7524390200000001 -0.740348725 0.14668693900000002
0.39089397 -0.015539904 -0.46738313800000003
-0.404988646 -0.31967258400000004 -0.616825638
-0.13337148000000001 -0.19226822400000002 0.11265584000000001
-0.09527025500000001 -0.031999739000000006 -0.7261106900000001
-0.853608683 -0.269111822 -0.35153002200000005
0.223341684 0.08497803100000001 -0.34917279800000006
0.211559267 -0.033991424 0.029695944000000002
-0.228394163 0.567474699 -0.510763254
0.151112024 -0.11740890500000001 -0.262806142
-0.441045815 0.34953622100000004 0.5675847310000001
-0.323992398 0.031235334000000003 0.08214576500000001
0.577003576 -0.389624899 -0.283546116
0.061114841 0.172542872 -0.020467539000000003
0.16757609099999998 0.12229527800000001 -0.191930722
0.739364256 0.800783272 -0.070505649
-0.335858926 -0.297543985 0.24796398900000002
0.685414191 0.52707973 -0.44893955300000005
-0.7380771990000001 -0.139256076 -0.43253367600000003
0.719623563 0.010270006000000002 -0.342137627
0.370669771 -0.37358667700000003 -0.561012964
0.308982552 0.333645061 0.056076116
-0.27095909000000007 -0.462247077 -0.536397007
-0.343183989 -0.151247977 -0.155748709
-0.410427824 -0.44178535700000005 -0.024398538000000004
0.37459759600000003 -0.556094322 0.128772883
0.944015312 -0.290271822 0.148916674
0.578517574 0.49030365 -0.8809061410000001
0.04351818500000001 -0.159331097 0.00644322
-0.212269185 -0.06801882000000001 -0.510639997
0.546051257 -0.558006128 -0.626708945
0.21850080500000002 0.35679992 0.15405802500000002
-0.061831636 -0.027678867000000003 0.20581274000000002
-0.571577094 0.9083273850000001 0.30964962100000004
-0.748632865 0.822682285 -0.503536585
-0.701164637 -0.5025129700000001 0.259556495
-0.188197569 0.23445121300000002 0.762195367
-0.223086706 0.368941528 0.30871064600000003
0.43187031 0.19095842000000002 -0.5322618139999999
0.06548967100000001 -0.555722964 0.611572668
0.126276003 -0.435711379 0.475288514
-0.14464976000000002 -0.325103827 -0.637774567
0.20076819599999998 0.20904545900000002 0.0956432
-0.22881842100000002 0.7120086080000001 0.365678127
0.15388768700000002 -0.09586538 0.21858174200000002
-0.40914129600000004 -0.354461211 0.039220589
-0.49317241700000003 -0.416482758 0.695101768
0.20696014100000001 0.718844875 0.29291047400000003
0.594042666 0.0006818810000000001 0.096038363
-0.18159300400000003 0.26563153100000003 0.396763754
0.077821719 -0.036022784 -0.032182773000000005
0.172080526 -0.19084256900000002 -0.05268628400000001
-0.7365637300000001 0.271389696 0.55812145
0.088142509 0.306696214 0.12238520800000001
-0.014690859 0.75796178 0.9900769290000001
0.745368406 0.090050083 -0.332174441
0.18592075300000002 0.247920611 0.8263805240000001
0.301193027 -0.5505736780000001 -0.09001358200000001
-0.015214040000000002 0.132019356 -0.136029176
0.199165326 0.678059504 -0.743670845
-0.8078417190000001 -0.231688246 -0.26844634
0.25388826 0.07301734100000001 -0.248454372
0.404107861 -0.696638513 -0.335111449
0.094105926 -0.355286451 -0.039098390000000004
-0.10523397 -0.08935762200000001 0.009709266
0.39003963500000005 0.184166589 0.201388184
-0.6431904690000001 -0.15390408600000002 -0.013800023
-0.276065527 -0.10315552900000001 -0.20094435300000002
0.171762068 -0.6891663880000001 -0.067199399
0.607898234 0.039554388 0.418693978
-0.426825237 -0.698889937 0.443091987
-0.061365058 -0.16112282000000003 -0.045016842
-0.5204979120000001 0.9336352740000001 -0.21926309400000002
0.674317887 -0.365308356 0.300514849
0.399222546 -0.48787289500000003 0.36950279700000005
-0.091435534 -0.8819054220000001 0.000350727
-0.9294731020000001 0.023461679000000003 -0.17588615200000002
0.8280082570000001 -0.16945880200000002 -0.105029247
-0.023100372 -0.440612035 -0.903363778
-0.71228263 -0.419987912 0.49174887800000006
0.458576875 -0.18613711400000002 -0.270522665
0.5490734340000001 -0.30494099199999997 0.12995890100000002
0.454488234 -0.429035928 -0.185831352
-0.6006128460000001 0.24688535800000003 0.010824927
-0.411940764 -0.059834132000000005 -0.09938375900000002
-0.000520536 -0.217587751 -0.424259058
0.261051978 0.12443984400000001 0.198435306
-0.535178191 0.029101877 -0.008843293
0.297792615 -0.111372486 0.539968286
0.372710124 0.5340694069999999 -0.170615196
0.589221889 -0.409200544 -0.23928997600000002
0.068456832 0.243220975 0.387785037
0.201856878 0.21532310200000002 -0.068065372
-0.385005671 0.019408481 -0.084452205
-0.20647928000000002 0.334602551 -0.595203292
0.653728678 0.239090014 -0.346663751
0.26752164800000006 0.811256414 0.273541668
0.982747634 -0.102003896 -0.559053019
0.003394593 -0.13681738599999999 0.23134757
0.43212052700000003 0.43925832400000003 -0.66276294
-0.92863834 0.022749645000000002 0.598726432
0.210652561 0.348451242 -0.26521573700000006
0.514117114 0.210407634 -0.304566989
0.665110642 -0.16705608400000002 0.530165387
0.24796610500000002 -0.014229571 0.108648665
0.726971373 -0.29308187 0.628410209
-0.177621801 0.8542847450000001 -0.307348471
